# oST version 5.0 parameters


[image]

width
1920

height
1200

[narrow_stereo]

camera matrix
8400.270856 0.000000 934.872646
0.000000 8412.542376 596.502535
0.000000 0.000000 1.000000

distortion
-14.523653 191.606870 -0.057366 -0.001517 0.000000

rectification
1.000000 0.000000 0.000000
0.000000 1.000000 0.000000
0.000000 0.000000 1.000000

projection
6508.427246 0.000000 920.076274 0.000000
0.000000 7720.510254 584.957508 0.000000
0.000000 0.000000 1.000000 0.000000


